# unix_time, cycles_done, cur_path, paths_total, pending_total, pending_favs, map_size, unique_crashes, unique_hangs, max_depth, execs_per_sec
1603460304, 0, 0, 1, 1, 1, 0.01%, 0, 0, 1, 285.71
1603460309, 5, 0, 2, 0, 0, 0.01%, 0, 0, 2, 829.29
1603460314, 16, 1, 2, 0, 0, 0.01%, 0, 0, 2, 977.55
1603460319, 28, 1, 2, 0, 0, 0.01%, 0, 0, 2, 1021.23
1603460324, 41, 0, 2, 0, 0, 0.01%, 0, 0, 2, 1065.34
1603460330, 53, 0, 2, 0, 0, 0.01%, 0, 0, 2, 1086.49
1603460335, 65, 1, 2, 0, 0, 0.01%, 0, 0, 2, 1104.79
1603460340, 78, 0, 2, 0, 0, 0.01%, 0, 0, 2, 1105.78
1603460345, 90, 1, 2, 0, 0, 0.01%, 0, 0, 2, 1099.29
1603460350, 103, 1, 2, 0, 0, 0.01%, 0, 0, 2, 1111.27
1603460355, 115, 1, 2, 0, 0, 0.01%, 0, 0, 2, 1065.36
1603460360, 127, 0, 2, 0, 0, 0.01%, 0, 0, 2, 1022.53
1603460365, 138, 1, 2, 0, 0, 0.01%, 0, 0, 2, 1023.53
1603460370, 150, 0, 2, 0, 0, 0.01%, 0, 0, 2, 1018.07
1603460375, 162, 0, 2, 0, 0, 0.01%, 0, 0, 2, 1022.85
1603460381, 174, 0, 2, 0, 0, 0.01%, 0, 0, 2, 1046.65
1603460386, 186, 0, 2, 0, 0, 0.01%, 0, 0, 2, 1041.78
1603460391, 198, 0, 2, 0, 0, 0.01%, 0, 0, 2, 1057.77
1603460396, 210, 1, 2, 0, 0, 0.01%, 0, 0, 2, 1070.87
1603460401, 221, 1, 2, 0, 0, 0.01%, 0, 0, 2, 970.38
1603460406, 233, 1, 2, 0, 0, 0.01%, 0, 0, 2, 1019.70
1603460411, 245, 1, 2, 0, 0, 0.01%, 0, 0, 2, 1028.35
1603460416, 256, 1, 2, 0, 0, 0.01%, 0, 0, 2, 1017.18
1603460421, 268, 1, 2, 0, 0, 0.01%, 0, 0, 2, 1008.68
1603460427, 281, 0, 2, 0, 0, 0.01%, 0, 0, 2, 1074.01
1603460432, 293, 1, 2, 0, 0, 0.01%, 0, 0, 2, 1081.64
1603460437, 306, 0, 2, 0, 0, 0.01%, 0, 0, 2, 1088.87
1603460442, 318, 0, 2, 0, 0, 0.01%, 0, 0, 2, 1033.02
1603460447, 329, 1, 2, 0, 0, 0.01%, 0, 0, 2, 1060.82
1603460452, 341, 0, 2, 0, 0, 0.01%, 0, 0, 2, 1030.11
1603460457, 352, 1, 2, 0, 0, 0.01%, 0, 0, 2, 1010.70
1603460463, 364, 0, 2, 0, 0, 0.01%, 0, 0, 2, 989.34
1603460468, 375, 1, 2, 0, 0, 0.01%, 0, 0, 2, 993.68
1603460473, 387, 1, 2, 0, 0, 0.01%, 0, 0, 2, 1014.83
1603460478, 399, 0, 2, 0, 0, 0.01%, 0, 0, 2, 1053.42
1603460483, 410, 1, 2, 0, 0, 0.01%, 0, 0, 2, 1041.65
1603460488, 423, 0, 2, 0, 0, 0.01%, 0, 0, 2, 1079.18
1603460493, 435, 0, 2, 0, 0, 0.01%, 0, 0, 2, 1070.39
1603460498, 447, 0, 2, 0, 0, 0.01%, 0, 0, 2, 1081.87
1603460503, 459, 0, 2, 0, 0, 0.01%, 0, 0, 2, 1058.44
1603460508, 471, 0, 2, 0, 0, 0.01%, 0, 0, 2, 1050.98
1603460513, 483, 1, 2, 0, 0, 0.01%, 0, 0, 2, 1073.13
1603460518, 495, 1, 2, 0, 0, 0.01%, 0, 0, 2, 1085.52
1603460523, 507, 1, 2, 0, 0, 0.01%, 0, 0, 2, 1065.76
1603460529, 519, 1, 2, 0, 0, 0.01%, 0, 0, 2, 1056.10
1603460534, 531, 1, 2, 0, 0, 0.01%, 0, 0, 2, 1018.24
1603460539, 543, 0, 2, 0, 0, 0.01%, 0, 0, 2, 1036.49
1603460544, 555, 0, 2, 0, 0, 0.01%, 0, 0, 2, 1052.71
1603460549, 566, 1, 2, 0, 0, 0.01%, 0, 0, 2, 1050.51
1603460554, 578, 1, 2, 0, 0, 0.01%, 0, 0, 2, 1056.70
1603460559, 590, 1, 2, 0, 0, 0.01%, 0, 0, 2, 1062.34
1603460564, 602, 1, 2, 0, 0, 0.01%, 0, 0, 2, 1067.37
1603460569, 614, 1, 2, 0, 0, 0.01%, 0, 0, 2, 1082.96
1603460574, 626, 1, 2, 0, 0, 0.01%, 0, 0, 2, 1074.52
1603460579, 638, 1, 2, 0, 0, 0.01%, 0, 0, 2, 1069.49
